Date,gme,aal,aapl,amd,aph,bili,clov,dkng,ecor,meta,ino,jd,msft,mvis,cenn,plug,sndl,tlry,tsla,wkhs,zm
2021-01-28 00:00:00-05:00,-36.88016097391425,-12.320439200207637,-1.7725752899692366,-2.639402738335556,-0.5360726691836251,-0.09243748769038866,-5.046197964084909,3.845468965328021,-8.92193909530693,-4.5962236512382075,-14.42922329888232,1.1486741162805987,1.389531461359257,-9.25414499274865,-61.15106886992111,-0.49019562011037376,-16.121211196437027,-1.6577510871376777,1.8469449672075655,-1.9033265775156891,2.797220328145987
2021-01-29 00:00:00-05:00,-16.833843524639423,-8.852652597609982,-2.932703031441118,-2.241940895176359,-1.37732332298522,-3.942398707377314,-0.7168486224875039,-5.322493135518969,-0.7751918117475523,-2.6980999430948085,1.725492290422028,-1.4545054459543845,-1.737374647533962,-2.5316431077146953,-36.36363636363637,-4.24252078970818,-2.085890604306583,-4.0331465571883705,-4.595911791499797,2.680647369248249,-1.862550740281119
2021-02-01 00:00:00-05:00,-40.69333224826389,-2.434678406752286,0.2907520925617558,0.9468421131420188,-0.29451783385434666,0.5425814173187257,-2.317159196966197,0.18301331485746408,-5.200002034505209,0.9503532915328371,18.867918799126038,1.2271229959254975,1.9152854084850013,0.8141104981169137,-32.394374521259955,-0.6891189536748171,17.355374506315925,0.5235621961910748,3.038788439724778,7.617084503298152,3.385435269221568
2021-02-02 00:00:00-05:00,-56.39999389648438,-2.652203315314503,-0.5481929548841655,0.41638841327998877,-0.3543779964428738,1.5310031767818464,-2.863275668464585,1.4331516930315562,-4.93826940846239,1.1532075509642323,-25.712386491269807,0.45378187543027226,-0.7473562272324511,2.4901710926695193,-29.656089729147826,0.249032937135214,-3.8461594891973454,15.879095694255826,3.2207044144910926,-11.020171174090478,1.8732126394675686
2021-02-03 00:00:00-05:00,-21.209823284703138,5.624998577616462,-1.358811432175273,-0.8078269307125275,-0.4032276318268291,1.420222009225478,-0.8602142451599318,0.03327309525967229,7.984794587984177,0.3862736931832553,-1.1675763579689804,-1.4031375265870427,1.4115196196630744,13.066954732603527,17.213113387190745,2.181646855490226,2.479340341131657,3.230712271849455,-2.612641602040556,3.522886226466465,-4.026600592705315
2021-02-04 00:00:00-05:00,-70.44860269421729,-0.45976968655136125,0.7933705570080708,-0.43261031267664257,1.5969547556444905,-5.456967370145646,-0.08176802335355882,1.3141197250832954,-0.7547150617875393,-0.19513660936857274,-15.714281605484928,-1.019765397119153,-0.2685942000064541,11.42304272885645,-13.67522296417423,-0.8571033644875407,-8.695652173913043,4.592985130871676,-0.5894234662339295,11.514267788978772,1.6616264433500159
2021-02-05 00:00:00-05:00,15.257957460233563,-2.3851066589544248,-0.4314324823353014,-0.284414102002486,-0.20846744091626157,-3.1083662807760004,3.0935851721865206,-0.04697447079361532,-2.7131762696657744,0.48490051508798815,-2.5700928332118713,1.448677084769174,-0.012379523555156594,9.012131414998983,-6.363631739760891,-4.911059026599641,-5.309729359892966,-5.482114638626762,0.8483638398113404,-1.6252150640053777,7.562146682061585
2021-02-08 00:00:00-05:00,-20.683339436848957,2.5323621347620664,0.6427728447420612,3.45468855355623,1.5419565365571386,2.1105202914678856,-5.416330497109488,-4.4376310244145545,1.8382353284917219,-0.8140196327701887,6.272529868330373,-1.17373439138577,-0.28043762221644714,14.80978441324314,-6.578947221656772,0.12086694078234546,10.156251338776181,12.462612100310944,-0.7238690811399907,-0.29003243214120444,-2.4171740548658236
2021-02-09 00:00:00-05:00,-12.522359501276304,-1.720179058909401,-0.4485082548703794,-0.5279899991238491,0.24202118558479319,-2.5363980718953396,4.103343222752525,-0.3734080792130807,-2.826856870134857,1.1170939429434008,-0.7982627901535132,2.0912730871319,0.7794142942696668,5.637578660531746,-0.877190732070505,2.8304735730472093,15.757578069513494,16.930338671267485,-0.6663132999251592,3.5680471682254975,4.26365404904883
2021-02-10 00:00:00-05:00,0.839844333531792,-0.8041320555740703,-0.805056103015064,0.9204098410020934,-1.2793120484934803,13.346547143873103,-5.44000244140625,-0.20730516666109053,-0.3436373561011471,-0.21334354664395314,-5.778120388675933,-0.030380084753710096,-0.8977749691290473,-9.357145854404994,22.92762799606417,-7.212807799748146,25.084744469594145,-3.0042278019506585,-4.823428089040098,-3.926162694164227,-0.20649991843097446
2021-02-11 00:00:00-05:00,2.133072769346376,-1.8245995886907582,-0.5698135024413232,-0.2590091239848196,0.2564268400944833,-5.33934315086177,-3.0807650167174896,-5.152902724315193,-7.246376544514659,-0.5547542138160345,-0.5384591909555289,-0.959592877012308,-0.11861150196316998,-7.482254938246591,-18.589745523008453,-1.5783689561506553,-66.3865535443267,-71.05099061733925,-0.09609167770948301,-4.618258367639473,-0.28190522718168043
2021-02-12 00:00:00-05:00,3.148857782120514,1.505502153967539,0.753493752624052,1.08776440181501,2.8991698244820014,5.3160917249368005,1.2831103803818455,2.9638142825214655,3.1468583701657606,-0.007389653852818854,-8.438817065619297,0.5236095618264537,0.4326822436216549,4.418982374870698,8.333338484351927,0.04747393566834989,7.2115387260561254,-0.8965525133856412,1.8208125523672494,-2.7908322038041353,0.3671114478231202
2021-02-16 00:00:00-05:00,-6.36235433784874,1.0662207481002506,-1.7268586302261313,-2.6678356285053733,-0.8766665201565212,-5.072563314647023,-6.179286791037752,-1.7355359290256973,-1.6891891311374312,1.1570658880935998,-5.37010696032085,0.5607675039576201,-0.5457536982918305,15.893754888485637,-8.52712964342044,-10.18644429869571,-2.283105062599793,10.51112094925263,-2.7354169546063023,-5.5702072037050545,1.2852382555625188
2021-02-17 00:00:00-05:00,-8.3369654887799,1.6675888875895217,-0.31336263649118706,-0.6893430068466052,-0.888272103414132,-1.6684806655841558,1.67844156806977,-1.8518520918876697,-2.867385440124929,0.851707799635489,11.841247289365327,0.22454890525537655,1.179363306308356,-13.164558893517603,8.88888512128665,-1.3693766032939365,-12.79069045352091,-1.3646471026732843,2.388022105257604,-5.704589752426973,-2.4684400480839104
2021-02-18 00:00:00-05:00,-19.169337220468417,-0.6775880600615607,0.39320421069395634,-0.5076680407725038,-1.3079447386611474,2.418624932863243,-2.585408448233624,0.7206557613973574,0.3558754933539197,-0.06681490255536982,-6.5139572656976865,2.3854684457635984,0.8162723201027283,-6.208419484728313,-7.43801878701662,-3.284892575982383,-19.310339565934807,-22.14021405237326,0.8229839718176913,-0.35234020746601763,-2.1152870858382182
2021-02-19 00:00:00-05:00,-1.6999227004560438,4.17559247271205,-0.2849201758275048,-0.1897724553142164,0.830632292039594,-2.2896895856643895,1.6393384244604792,0.8537193548946711,-2.573527589938736,-3.173263446414208,-1.6618463851195937,-0.4618771892530102,-1.1536766641608407,4.829267176186166,-0.8196805034566786,4.830919292225881,10.457518702768578,4.827113630967664,-1.7534933410703386,2.3088525283828067,-0.4697290440507472
2021-02-22 00:00:00-05:00,-1.4999970145847485,2.935422533233263,-1.5952337355840815,-3.256411725262804,-0.9154270618288323,-5.243594020956223,0.7220209770479511,-1.9546137585776189,-5.645157072720331,0.9142144539594604,-6.211181549896973,-4.597581092976735,-1.2408867585664025,-10.902054532227753,-5.357152183040082,-11.543211494829201,0.3496516787968925,-3.993910994656522,-6.737576361481709,-3.3822634592536414,-3.5908109229621137
2021-02-23 00:00:00-05:00,0.0,-0.09680763751882192,1.668519357966991,1.5813032471924793,-1.5307301018429855,3.0635862783273597,-4.837115158761353,5.043970287768177,-3.7914656241836138,2.392231137435862,-3.5958909702068236,2.945612012886913,1.2603564348355718,-5.682520357912368,3.1747540615878562,3.7784501224666824,-2.3809462537933155,3.025413361442168,5.252989360355128,-71.81901398938557,4.418279507080108
2021-02-24 00:00:00-05:00,51.259403326602396,4.353798665799998,0.32708100335517043,3.002071011109746,2.0764262154277637,0.34607711461266094,1.7698313527528722,-0.38984839932059406,-0.41841431593696526,0.7491245146295251,1.6652773143515356,-0.07263639392881334,1.935631387116529,4.064585631674393,21.4814833652826,4.086920341500583,8.96551855679216,9.471049542120435,4.065923842762045,7.005951167211001,0.5451304528790086
2021-02-25 00:00:00-05:00,-55.94591402887241,-6.088199967668339,-3.049834519651867,-4.549866638328739,-3.090809467525889,-6.712686854779702,-6.076211640267763,-4.462892155455673,-10.328635863096428,-2.987940350471058,-5.22193553891896,-2.088685663553846,-1.349402180946656,-6.118663488538226,-7.017537010649363,-6.160586431806654,-12.408757904620177,-9.795916810327647,-6.439275321349474,14.096458062843444,-5.223038197885733
2021-02-26 00:00:00-05:00,-15.451151514424346,1.5759308275533717,-1.0968119563167729,1.1122972638090367,-0.4455740949636067,-4.818601259513274,-5.531919987939063,2.4865899718036024,2.76497585138361,0.4463915527834941,-4.144144345390239,1.5340389893177917,0.3657828309130843,-1.9502351317074267,-5.76922818283599,7.647789750418036,-4.511273828502542,-2.8325066068174714,-3.6269384054766833,-4.390841565384725,1.5149416146373293
2021-03-01 00:00:00-05:00,13.172757815075773,-2.6912166506670316,3.1614313837957866,1.1806883322985946,1.9852391521599253,8.101196771300524,3.8572769811434586,7.625147825067489,-8.71212347443411,1.5439191730590072,1.5517267177277032,1.3160511429420363,0.43893323112941635,7.902213630418513,-0.8240687606214001,-1.0293574627361664,-4.444447270146123,1.7214344127638341,3.9419299042973637,8.01614954493126,5.12620217064709
2021-03-02 00:00:00-05:00,1.057708577400685,0.7462679264300778,-2.6294702062621242,-3.3162974047452423,-0.8370099410351001,-1.435403575826468,-8.960181670738244,0.8311456395530585,-3.968254048347555,-2.61776014644667,-9.381232908577092,-1.6497240221998146,-1.3426326545506213,-12.979343696556262,-3.8834914899843516,-5.555561637939395,0.3623202177086399,-1.0038619023600972,-4.6384214582617425,-5.579674970275277,-17.92161700346189
2021-03-03 00:00:00-05:00,1.3448205547119068,1.353176526965066,-2.2529903776869133,-4.229530228951655,-1.9809112167236254,-1.2754030033360872,-8.443906061353815,-9.247151073847434,-9.333337854456019,-1.9106553435034694,-4.811715668998015,-3.386026571187048,-2.0214613881443353,-11.197918655428458,-3.03030166805019,-10.111846989981043,-5.3846139174241285,-5.100826261286088,-5.326085829145109,-7.238605349754939,-12.129282954418139
2021-03-04 00:00:00-05:00,5.553461099024752,-4.896426208730574,-1.3485349724372369,-3.189714928531953,-4.338786849256763,-6.31454355549291,-10.836762222042855,-8.496201477140005,-17.346940298105622,0.4541272167411246,-2.732240551067438,-2.170322015599184,-0.004407988277515253,-9.509435689674234,-8.651973437760118,-6.1469241787463025,-6.034480915908783,-10.154530609914525,-5.529096249702774,1.0373417575004076,-1.3728151521035639
2021-03-05 00:00:00-05:00,6.947877844170482,-4.645471003172075,0.36237425353895597,-0.611313521975271,0.45484495182333917,-8.036017625417005,2.806125800344393,-4.267474623643137,0.0,1.3659699440884432,-0.8705210123310406,-1.9421699994401365,0.8980943528794267,-5.928239055954648,-5.017506656802758,-5.012725849738393,-3.964755895513597,-6.287566634854007,-4.701059535918965,-4.9526608000529,-2.359014357180933
2021-03-08 00:00:00-05:00,20.365038874216744,3.213780385543843,-3.927466200457946,-5.502974236351342,-0.4075580491592714,-12.587487699641892,-7.578233570672814,-0.5785098745803203,-4.670054496598723,-4.010806600718767,-3.2547695490394117,-1.9212738729169603,-1.7502811901801123,-8.411212681518165,9.204079624151108,-3.096300934866072,3.3898353028728145,3.077611649016886,-6.669624649247743,9.612901749149446,-7.738075491379837
2021-03-09 00:00:00-05:00,11.82259534394943,0.04629735511678493,1.7012120083359443,2.292111868512877,-0.0482170275364891,3.0260707205082173,7.692303661562278,-2.8938894131542168,5.188678170178448,1.7159621156650016,6.153850066356171,2.423766557056066,0.3849813138721483,14.06249682503666,1.0882358789352233,3.000946282896581,10.143884072719109,4.834085672068868,9.709315522427415,3.3639154611776405,2.969797310677897
2021-03-10 00:00:00-05:00,-1.6716953493514148,0.36781574117726296,-1.4252238657829783,-2.876681441565892,-0.37041672283118043,-7.293893679686637,-2.3427933674594317,6.8696811564968385,1.8779354214153876,-1.4118613960461706,0.6011970811066598,-1.5448306561415799,-1.9705778741154094,-5.296162055778848,-3.0612232319997053,-4.0158704937498815,-9.923658009196915,-10.954354140501628,-4.825917074237325,-4.454203618805237,-3.5592034932968586
2021-03-11 00:00:00-05:00,7.061538696289063,0.6771991923863808,-0.47556726419206996,2.252864404071803,1.2672111626736036,-2.1821767289379252,3.5755526746109463,2.9185923048058684,-1.4018716022751283,2.1067691793414673,3.2166524352349555,-4.652811700088597,0.9151155552227986,0.40458170095114065,4.660195960630595,6.5614614979736405,5.985911543750918,12.163121320491241,0.02858732859626009,7.314289637974331,2.0215735906489405
2021-03-12 00:00:00-05:00,-3.9697542533081283,5.092000390773852,0.5205234557888573,1.628623868133945,0.9673759722112883,3.4639491159120706,5.611672374441442,3.226484238893728,3.7383143695731174,-0.2757156366547958,2.5714329310825894,-2.380385717576732,0.7380723194757475,12.993701163766577,1.5000025431315103,3.576716670283565,5.633804235778114,4.6789953661874195,3.420640758288335,4.6710140344446565,1.2644720394893338
2021-03-15 00:00:00-04:00,-26.065226575412442,2.4632532274695484,2.080795873576763,0.7151470762310607,2.6727447001686144,3.5262015544558025,-0.28168584259463025,-1.800739809155904,2.7272773511482007,1.705940978167808,-2.105265751619946,1.808999136864782,-0.06389195129032184,-4.206393736451059,-2.564106990019008,-0.7318126545153586,11.728398041506258,10.600589481538561,1.9563813817940103,6.5058881232513075,0.8354317801339285
2021-03-16 00:00:00-04:00,2.406684224866043,-2.615452860465713,-0.10351342778545558,-1.0997023107061934,-1.3933723475348079,-2.6387834768224225,-3.0197472618968106,-4.319335049511521,-5.741630374821685,1.1458078706023211,0.573069895763491,0.734613884234429,0.6015701710652144,-5.169345473424219,-4.861696260555179,-5.107779497629043,-15.562916040410022,-13.162778030370054,-3.9105900050917484,-7.010185972771199,-5.046557341455083
2021-03-17 00:00:00-04:00,-3.827271756701838,4.133541393028596,0.5690919143279434,1.064985214412031,0.5208955891750179,-0.12572913477046416,5.5999973842075885,6.935600028379403,5.963304946309012,2.922438655382724,3.136890332897593,2.1436122433859897,0.37545725652412504,10.091744122626764,3.9065820333024686,5.847960703479415,8.44155369650986,6.115756970588712,6.4034408623471775,5.375072835255103,2.4001148726442927
2021-03-18 00:00:00-04:00,-6.071871127633209,-1.7004051146594485,-1.949720814669707,-3.7634340868483287,0.27690568272305843,-1.5438341388413797,-1.8890182097743395,-2.499633820662174,-0.8968586852557793,-0.4486397322181599,-4.1666650513646655,0.07151988903096335,-0.7974950894073265,-6.022585090456371,-2.5671834769794715,-3.135311800088044,-10.958906436060385,-6.437603032232385,-4.766058768063744,-7.012986691288805,-4.324732030547678
2021-03-19 00:00:00-04:00,2.266943849836513,1.161389732292116,0.07500319984404348,0.7209710503744637,-0.5443210188795127,-0.08267163088924988,-0.5875462913052473,5.470968819647502,0.8888866283275463,3.0643495845502424,0.692380783395841,1.423695864085295,-0.2908474030160175,8.933718482163872,0.5435359563241563,8.568440135559277,2.0134177499404435,-0.39447881642962246,1.262839762158887,4.094297560333208,2.8903398857045364
2021-03-22 00:00:00-04:00,-5.537553966520104,-3.315152824408748,2.479933424507157,0.38605874994608114,0.6953996265889708,-2.3110041955246547,3.9818018542510063,-2.0496391462397043,-0.8968586852557793,1.052666160639478,1.259691068654942,-0.388374516080724,2.423825556203586,0.5564745572737968,-8.292114157851637,0.9509096204979146,-8.846150911771336,-6.903764204460434,-2.177615998171132,-3.9667298849617403,-0.2891970188831811
2021-03-23 00:00:00-04:00,-8.665749656121045,-4.849572974883123,-0.6446881913049122,-2.2327125048778775,-2.0181101466324893,0.3396552671076345,-3.8694035926420165,-2.637987581205197,0.877190732070505,-0.8670780619117363,-7.781280266122261,0.0478995503581538,0.03788043488383225,-12.958288141306806,-6.82976452135588,-3.9141032641323696,-3.305781867105094,-1.2919946308380825,-2.0553945474025563,-7.496562279557099,2.872618755914712
2021-03-24 00:00:00-04:00,-31.278045982287427,-4.4933584299958,-2.2732786047861024,-1.3990581169701448,0.6912781580695115,-9.435743674657733,-6.779654483922941,-5.162843438703257,-11.53845636567198,-3.140279609966897,-7.126952961551843,-3.832046023765454,-1.0150341125882973,-23.181821695700872,-3.5324674080775638,-11.566265254049066,-8.444442749023438,-5.407836082514014,-5.972048576536312,-11.506430732021201,-7.529526600610486
2021-03-25 00:00:00-04:00,32.79455898570366,6.6754520298896685,0.8707280012552863,0.4854404889218631,1.969004880305373,5.018298980851696,6.624042385090631,3.165804836243725,4.306221260104612,-0.8036237462983449,2.09713604037179,2.807774247463599,-1.2740045177804753,7.49464791992131,2.5020892280673475,9.090905022983273,12.295082159434493,7.008324077164492,4.277083445172901,5.600584320553769,1.2386831255776265
2021-03-26 00:00:00-04:00,-9.215465566729971,-0.9158267844647828,0.7095001851219366,1.0205411163338223,2.3311363133997767,1.637828530382798,-1.9762795192978948,-3.8207552884840887,-2.415458996549081,1.6677271584782358,-0.9966794601252703,3.082732775319401,2.084739562400363,-2.3791870114236002,-5.249311625542362,-0.9991189091512382,-8.849557372750521,-5.434786082816421,-3.7432729359423838,-2.081782430794619,2.206593933187729
2021-03-29 00:00:00-04:00,0.3033662672365189,-1.0912265458973356,-0.21418744339548337,0.14259866634938512,-0.1963408404535697,2.176481253246381,-0.6811949980692643,-9.536081038326499,-1.0050225568733335,1.7364755461672539,0.22123345324943952,0.623779504531668,-0.5738781254670371,-8.408899377297063,-8.075602197560077,-9.486679698356353,-3.571433741219278,-2.4040706330995634,-0.7116083665560018,-3.4648100823655965,-2.814615345336775
2021-03-30 00:00:00-04:00,3.5791455690466463,4.228857472113132,-0.17513874943175467,-0.6184226588199013,-0.7470617655878883,3.350789310045657,-0.6954063073684339,2.9426199490906764,1.9512207527470782,-0.6354120042588975,-2.270145286483859,1.6385549522307943,-0.7246032484602108,3.3306319017915365,1.0693831928962294,9.312573416670944,2.6315723429754274,1.9056264013040587,5.328659432029384,3.432836203300026,2.61502678168614
2021-03-31 00:00:00-04:00,-4.045934242676312,-0.5439375321765331,0.40932646133723827,2.4585991148736066,0.6215118580373715,-0.5043909283033583,3.439150185351524,-0.8641753847600704,-1.9417488313168627,1.5414418102530483,4.202579750760087,0.770783246490512,1.2130469300416484,30.13476781036985,-4.055938932123111,-1.3392844313413568,-4.4247786863752605,-1.3198466803825706,3.1904538318527673,-0.9440752102031097,1.8845974142743311
2021-04-01 00:00:00-04:00,-0.997651445576015,-0.6705777171803344,-0.5365820657546413,1.1468648634612106,0.4623260863415891,-0.9912421393835426,-3.387533822808607,1.3994927690315504,-0.9901028117592893,0.08705878337802589,0.9493586841708164,-2.597559607191591,1.6009860732411494,-10.424709713872543,-1.2727216788081925,-5.275101244731665,-5.45454892245206,-4.83437742313957,-4.022668831097411,-3.606784036949146,0.07663304772119117
2021-04-05 00:00:00-04:00,8.531691472911875,-0.9492346123878636,1.612383664386959,-0.3806920759326661,1.3658742793961554,-1.9923968611832956,-0.2666664123535156,-2.2193765787093604,-8.52940741982295,2.5962218505698718,-4.600219836028604,-3.217358949379899,2.533429410137266,-2.3581892635719437,-1.4285677955264138,-7.595696829660185,-4.672897279559292,-3.3529668389243623,-2.4108223662376895,-9.37264374676522,-1.1945904492111126
2021-04-06 00:00:00-04:00,-0.38482748719088755,-0.5818840403352716,-0.22977037984306856,0.28242061645206185,-0.29291825016457423,3.6355685242264855,1.5768772705766352,2.4764859486700788,0.4901948256873483,-0.8424170606668628,-2.5698379979019164,1.0298174929377208,0.1008633966967275,-1.1749367412624259,-3.0430898550485885,3.4035089495201203,-3.4313763530838974,-3.169347661485848,0.19085069637835073,3.931934864253339,1.8314710538294383
2021-04-07 00:00:00-04:00,-2.949935362134094,-1.0865032409782331,1.6184516576455101,1.070556309110407,-1.4415351077421308,-2.351290057358753,-3.5374181259235478,-3.6398748848110722,-4.591838091789792,2.155929630123128,-0.8988755857864374,-0.6646165114182764,0.8363269247137305,-2.1917786744057985,-7.104182648165576,-6.539424945112998,-2.5,-5.921052949097827,-2.389080640485734,-3.8243098626174548,-1.8664104958256527
2021-04-08 00:00:00-04:00,-9.174210548532244,-0.9725139363474603,1.081634779050237,0.03599133754776152,0.5142726707680736,-0.8795227403135174,16.949157199788186,-1.9473058661815947,-1.4563131666499902,-0.5846326605563262,-1.7045410827172651,-0.6452383530984996,0.18953433291087846,-4.522970746123802,0.593519746698549,1.7473933583335175,1.3861419607429897,-0.6575577023598446,0.9388707429501684,1.4466834179574102,1.3372351763175927
2021-04-09 00:00:00-04:00,-7.1608968768527275,0.38232858575857215,2.406012743039242,-0.04833363278736825,0.49663508765496867,-2.079392140627765,-3.28866629518671,2.294977168446583,-2.040817650526626,0.33924265108550516,-0.5733966651803784,-0.7337349969163625,1.1647491633009288,2.4613247179836883,-13.029825701676709,0.30959280644922416,-0.5000019073486328,0.30364101845852065,-0.11077958972605853,-1.4914007750910623,-2.0000009458415837
2021-04-12 00:00:00-04:00,-12.063225398135549,-1.3967686466849347,-0.975311433801751,-4.428602247962502,-0.08859649106698843,-0.8708768677942961,-3.324804940374319,-5.729796368918243,-6.55737408754737,0.15728983068396735,-5.461162885494498,-1.0807354833189928,0.46891371058265074,-9.055728091214963,-7.288279948963332,-5.660378328509695,-5.698921743025385,-4.712038631631073,2.3191542320837963,-4.935280156112478,1.0606213052574027
2021-04-13 00:00:00-04:00,-0.6312499857953331,1.6843934829886227,1.4802941738244682,0.6484652158988243,0.11794459639523551,0.6128501271456166,0.8962890163154628,1.7049326597125931,0.0,-0.7909289812157692,5.269176501638397,1.2563521000294968,0.4758389296334988,-2.168859305039567,-0.9535508018352491,1.7753514561619796,6.938778489195016,10.534936339114932,6.509080722638711,3.7122056812421054,4.4907361899389135
2021-04-14 00:00:00-04:00,13.787300560487681,-2.5927577199229592,-2.2040473294056095,-1.6931816040590126,-0.45783128457437366,-2.484469658237336,-6.064687394045114,-1.7323377025480793,0.549449167480725,-1.479420236574211,0.4524882484455325,-1.868918373196738,-0.7394651694734138,-7.455430023645558,-1.6036048317208693,-6.305040345228094,-6.777773963080512,-3.9655203976142355,-5.253813999267808,-3.5742637316222647,-4.714455783164272
2021-04-15 00:00:00-04:00,-4.19329932000657,-2.3497536262249845,0.50557076266265,3.2405762825925457,0.5545673505713126,-0.8932021057721481,-2.993200950793843,-3.8013246184622456,-4.545457501056808,0.4808040254411625,-8.990004943017697,-0.8646352004264363,0.6050004478819289,-9.339202029217219,-10.679615485918058,-10.195476549846864,-6.572763331627465,-4.368357424962329,-0.5752140975222152,-8.068674376284697,-0.5310139313228716
2021-04-16 00:00:00-04:00,-0.8468534087003802,-0.13617239383501303,-0.10436406401826669,-1.3998801028830565,-0.5256793177797612,-0.16428117842143647,16.553283580798492,-2.6474644007092785,2.2346382605037545,-0.649951270349787,-0.686503674919696,-0.2985406604437215,0.4870591367856563,0.7252939768159433,-4.3323587678426385,5.2863456173168215,2.833538574098184,2.55814252639848,1.5045040323336658,9.221461493325721,-0.09697735863087392
2021-04-19 00:00:00-04:00,-4.520294552100639,-1.9489563395048826,0.9863555823020722,-1.2575473251028808,-1.3627464992794347,1.2864175129097841,0.5170650500555735,-0.5998591227192411,-1.0810783317497183,-0.9164966982370404,1.36209799679691,-0.07797945466929865,-0.5604128707424755,-2.8571446736653643,9.55036200744552,-5.784473078688182,12.765955935780788,1.0321118099983344,-0.6954628019865827,-0.4761862232212423,-0.9835669144010737
2021-04-20 00:00:00-04:00,-3.5387627916163193,-3.1909651043231646,-1.434917809191153,-1.9553464329475134,-0.6587966058306587,-4.610492267278069,-9.16473285778691,-0.5205545149760593,-9.770111876592061,0.21807489688406095,-1.8539958898074096,-2.9376186752014855,0.1703718624011759,-5.293543973884561,-3.8803068769307845,-0.316831381014078,-22.327792130714542,-13.278789245362752,0.2183607681266751,-0.40749172938221495,-1.5383219049691073
2021-04-21 00:00:00-04:00,0.06939664006285647,4.759638215640423,0.8538974249214402,3.2103942249569166,1.3878558040904254,4.061062987915731,5.8563505171391075,5.597137068993714,6.521743186705449,-0.15922346647576183,6.768557815361154,2.27152825273971,0.6293711272370162,17.360000610351562,5.191957613854535,9.506263749917775,3.6823902218198277,7.6694410538543645,5.2881203827689856,3.451045777362052,1.7815094268262703
2021-04-22 00:00:00-04:00,-5.245755130398199,-7.523668419742152,-0.8337053390726429,-3.225402391225636,-0.5621373487154969,3.1992593949660955,-6.811770270852481,-3.6732593249567023,-3.9106116280921692,-1.622149513290307,-1.0952839708867155,0.3718264736279166,-1.1821009916486864,-6.92541722705918,-2.371329931583216,-6.264150367592866,-4.556356204897724,-3.523705123421454,-3.0304732236652794,0.8284062669079683,1.7224045605336857
2021-04-23 00:00:00-04:00,1.4419849063337602,3.9791574054999583,1.6080797047437985,3.0812022546353686,1.1627837932833944,5.417458534052368,2.508554795274299,1.4969011491283464,0.0,0.7870338653598485,3.6496350873074928,0.02605425806698161,1.252173401127055,22.42626536983937,-5.947369448402596,3.895640351753813,-1.7964025350603783,3.2806061860222515,1.3161490163227205,-1.26182841925327,1.5999805777468086
2021-04-26 00:00:00-04:00,10.625701608057666,2.359348621430082,-0.08167420893490225,2.4119015333822844,0.05797788791984703,2.7367860798520547,2.6030446620564134,1.8233969689418719,7.216496061652848,-0.09899280111862874,0.7194203635955471,0.013136506843521245,-0.042074920789641035,24.394858671168123,17.703806205776484,1.8777778327675323,1.3777254309244718,4.033620197849216,-0.3793014174117005,3.0234288161030403,-0.323998660717242
2021-04-27 00:00:00-04:00,-3.251391483592532,-1.1488970467388941,-0.4613517095506064,-0.5398416728260232,-0.9961915635276825,0.36618044939773753,-0.7575827947240754,-2.8919314283502384,-7.142860137125096,-0.2338806331153262,1.3946987945397158,2.224066743492202,0.1488776168543712,-37.0535683030444,-12.289733537713898,-3.082315557378059,0.33519255430749123,-2.539507789937186,-1.875873644389709,-1.7615391657902644,-0.8695986383352551
2021-04-28 00:00:00-04:00,3.628623396291289,0.27650401466109403,-0.5464857894389887,-5.748633687256014,-0.014813589421278538,-0.6722455349638634,9.904761541457404,1.6250585162047946,0.549449167480725,-0.08465621715397902,-0.5649712187014997,0.4679928264774892,-0.5971044629964586,-5.907574009716664,-2.943005363959943,3.2571050387312046,4.148929845482434,7.919248465137181,-0.2894643354031363,1.458170255387839,0.30490860849056606
2021-04-29 00:00:00-04:00,-0.20999779332572832,-3.004701032493521,-2.2400401474894354,-0.9414768819626973,0.4224728326153969,-4.580352359271388,-10.52113752996291,-4.107206139843644,-5.747126352783344,-0.1851189139887958,-2.612486337646253,-2.58254459661845,-1.1682815750654973,-12.888887193467882,-4.5079428962009755,-6.296422888129248,-4.788422350728721,-0.6434361484606571,-3.324959932156315,-4.171292919977647,-3.1329795600659773
2021-04-30 00:00:00-04:00,-0.8122608974337562,2.5322249283975853,-0.24341400356550214,-1.654004445837423,-0.7721956255495744,-1.2357953626550018,-0.3045658051712189,-0.22944064324979352,-3.5294102687461706,-0.32608223205282727,-0.14684624032102836,1.2797283556860009,0.9675700575652283,8.327871854188013,1.3111487260499068,2.5955796744207427,-2.546288247829922,0.32715084756374174,5.89901776060361,0.4842648745287144,0.48190021266903943
2021-05-03 00:00:00-04:00,-9.42663923094949,0.36446433223422553,0.3772562756830127,-4.353912203786705,-2.8981104436910257,-3.7689626905848033,-9.68783231674799,-1.313945297724147,2.272728750528404,-1.1129105973424975,-3.3082674742351976,-0.2337059374462963,-0.6114481765199432,-6.349207332173099,-7.446805382216665,-7.172368813194355,-5.7971076254902405,-9.048172542652551,-2.7595282380830897,-6.319383165734506,-2.013244309476149
2021-05-04 00:00:00-04:00,1.0763365728396206,-1.68067511236839,-2.6124335439312536,0.8395924907580575,0.2573001206504306,-0.40154407356590477,-2.1523144127234883,-0.24941989485898022,2.2471923757490986,-0.5214234635286359,-1.2251136467942414,-0.9003648029805226,-1.2833480046541654,13.116880221599237,-5.067339469102022,-1.0569114831302382,-4.050635035422663,-3.4782574700241216,-0.7927547756145983,-3.21429121859229,-2.0042595470664932
2021-05-05 00:00:00-04:00,-1.473542868367299,1.0199319261338777,-0.8586909220023049,-1.567520483105445,0.29898371608921465,-1.4656904159134632,-2.7149294906731947,0.23673801965743776,-6.666665125374842,-1.006289612814632,0.0,-0.7148542612955567,-1.0508363391337736,-6.422654244311872,-5.096095030870952,-3.1700227311346816,-5.897436242288535,-1.7610106500832095,-1.5083331354744125,-4.007291005478503,-3.004134060761761
2021-05-06 00:00:00-04:00,0.09315812781920613,-0.09306867369329531,1.4259572299327177,0.333806827921253,0.40328113221087225,-1.81538697393929,-5.844482709872094,-7.323182273574299,-7.189540582476828,1.7186426438396727,-0.3072193582694987,1.3090718785049718,1.3134118870165539,-1.428570066179548,-5.034195070363676,-2.703903478687788,-7.012622608340678,-10.247355491378176,-2.5951739231577347,-12.695112493382085,-0.7336715589906215
2021-05-07 00:00:00-04:00,0.6206939334688008,2.72727446122603,-0.49151321453720115,0.07612937501887745,1.3801464566057369,-3.0490789121190085,2.668208182016822,-10.388275060324531,-1.3333299424913194,-1.0342291743200518,3.6496350873074928,-1.6554098326534639,0.12279065006248616,0.9219866022965829,1.0362649191029814,0.30368632165362913,3.524803998758978,5.43881395453013,0.9771416367224539,1.0373483185505576,-0.06673265509140389
2021-05-10 00:00:00-04:00,-12.630914804988585,-1.0454524647105823,-2.0181357656938017,-2.9082762818793793,-1.580681817147553,-4.807695563294228,-5.932200454484683,-4.8963414495630815,6.470586739334405,-2.7388321892275354,-4.797596569174559,-4.1246493443796375,-1.4928466367160116,-1.2987035327166376,-3.667440621656013,-12.904834040709112,-5.601090680289618,-9.04255093169352,-5.700753071624619,-10.975616989498999,-1.5667855676995401
2021-05-11 00:00:00-04:00,6.7519727011827015,2.31803433970366,1.9140684552570157,4.243136871711977,0.9500788366961881,5.84568350526436,5.781061013688921,3.067481312446601,3.5975618502366933,1.8856225499346648,9.09090441537999,4.575435403829582,0.6822859541614248,11.724609802887805,7.913270070815091,21.186440335509086,5.405406624492354,11.23882660300718,2.9099143065236515,10.07281488787498,8.772688205792049
2021-05-12 00:00:00-04:00,-0.6284990015235605,-2.8901752160628154,-0.5131586707167058,-0.6028898069693661,-2.2440432751093193,-5.047920965648956,-2.4421539236434184,-4.013295184549452,-1.8518550496624935,0.4693382804324973,-4.444440071334837,-2.2035083436129344,-1.3263657384979282,-5.847074393172893,-3.400281645874877,-2.428061695524892,-11.379796444124352,-5.7811436202698525,-2.135989850961607,-4.161250575816519,-0.46599086263508793
2021-05-13 00:00:00-04:00,10.370819184555472,1.5558695801530698,0.3120682385375661,-2.900537491863301,1.087311687021025,-10.264034262426588,-9.090906702543736,-4.8792386389451075,-3.846152278641795,-0.26861586202208193,-0.4815442972151256,-6.027153497092349,0.5061086336402971,-7.371795753520419,13.532573411252674,-3.5519158431888367,-6.666667127378891,-7.01754398195269,-5.221359464138911,-5.347594844217364,-1.316517533776688
2021-05-14 00:00:00-04:00,-0.050026158060714,4.330354151220903,0.941549380239124,0.7641771320675977,0.813744495722154,6.059670259263154,1.5796460106378734,7.484964704914594,1.886795621559325,2.0256991349714597,5.038173907384103,-0.38151449803232634,1.0356607409395255,9.757833969240743,0.15873266832912114,-1.9121208902088065,0.8486554642535695,-0.21536060526893752,1.0733546600355335,6.1728451023410225,5.112221898435316
2021-05-17 00:00:00-04:00,11.489479124439562,4.4111377722413385,-0.43557699087656465,0.5760218303903357,0.7067685878508756,1.3640028166010472,-11.290322016794596,-0.48265434904875865,0.0,0.6054662124662366,2.6470632371604235,-0.043980031812820924,-0.5587837306850393,7.8340988364482405,1.766349005007541,2.7666420179717512,7.152317194848543,7.651714110077166,0.22190224873431122,2.5454550078420928,1.327163500055023
2021-05-18 00:00:00-04:00,3.3929290667730596,0.0848834926501096,-1.3696490296438228,-0.40300297222506914,-1.3242048421688803,1.1478290725687854,2.8694378089735557,1.0729665324298812,3.0864198499897726,-1.816365027106553,3.516174336222233,-0.22942883138873943,-1.312319764433663,-2.78514640861302,0.7500012715657551,6.328649011291758,3.6708855487620013,3.401795478604335,1.7080010136438715,8.11110602484809,1.1027238544348716
2021-05-19 00:00:00-04:00,-1.871707414462707,0.0,1.2270358819490905,4.027285267782929,1.683349560193238,4.704274583147705,1.4619938485219444,2.5506398004484727,3.7037022501534125,2.9975426532279936,-2.1897824446097944,4.363844929371349,1.5671328464116434,-1.2160234753967027,-1.8181771943063447,4.222788046624295,-2.1978000384744694,-0.19973190450659992,1.9362543029588497,2.892104955521011,2.860273506158808
2021-05-20 00:00:00-04:00,-0.1759562339745354,-2.566371300513828,1.6338087736129054,1.6013323585639612,0.420481795092476,-1.186764158649247,3.6465669664610267,1.9847388131478412,-1.8633572258699664,1.578732309267283,3.2258066673470345,1.7096262673128741,1.0223970458665979,0.8368192767238295,-2.873989195439511,-2.657449828293487,5.038758113932787,-1.0709558606448153,2.0075664640023465,-7.5757531970875815,3.221333414535601
2021-05-21 00:00:00-04:00,3.2750684461884485,-0.62028972769788,-1.9054447770337823,-1.78826605618327,-0.8289421684796013,-1.0836674871077534,-2.8571422673628075,-1.1539309373137472,3.0120482389158725,-0.9676493224186891,-1.1331434044538888,-2.9402061016698804,-0.9789036281244881,-3.028118815856902,-3.1249932267449774,0.5378258222047392,-4.238406446888742,0.9848957520601995,-2.6218886030098703,-1.7730451282968134,-3.7326162409654127
2021-05-24 00:00:00-04:00,2.310976351461605,0.6089577687787352,0.8575895759059025,0.23243840328127005,0.2683768105535638,-0.8993833069481556,0.0,6.322609565341315,-1.840486059505219,1.977640184570099,1.3966467425095275,-0.8233272505435242,1.1922822823663302,3.0704785954353806,-2.12097642115796,-2.7573528638348055,-5.0139295560081445,-1.4637409909342565,4.096035261178313,-1.9253891616468706,0.9453938823245368
2021-05-25 00:00:00-04:00,13.57493848543162,-1.0340443254362577,-0.7249788478195475,0.6807073916544655,-0.5674872940841713,-1.673656989811888,0.8547000419168391,-1.5489467748080596,-2.515724829656176,0.21660879042899361,-1.7045438382004816,-0.34335944016316194,-0.019864550038949946,9.468973033104703,5.269917627238593,3.3800742350252726,4.221631900330716,2.3932722163397226,-0.4332739954222877,-2.5307047383435286,-0.44509234350551113
2021-05-26 00:00:00-04:00,5.590368442891389,1.5481127104198618,-0.08671707660603997,0.6510014432937482,0.40236797907909255,0.35713814926350934,3.410641236045195,1.6376821140056157,-0.6134953531684063,-0.21058488484844082,4.34192265662354,-0.47815043457324996,0.02385674244136977,-8.401082329875424,1.594605262624301,5.254298906130119,10.735118228912112,5.458907278028156,1.868747597522562,10.62431823516146,0.5367275158774715
2021-05-27 00:00:00-04:00,9.573840697116436,1.6373295682911997,-0.9259227053588507,0.395304215547037,-0.40184054839226835,-0.7596162649301382,5.4916964563021065,2.4206372693792293,5.232552380008916,1.4274981217129978,2.7741087633408106,-1.0297953880871777,-0.7460593753022039,6.632976600097427,-2.2473928747344862,-0.3007021439031758,-7.692314637591902,0.9900994498460068,1.6818578506884305,5.093552774919674,0.710721249968915
2021-05-28 00:00:00-04:00,-18.45495550482123,-0.6188103133111298,-0.7704091067399254,1.7732244461496043,-0.41629319467036163,3.955959928808453,-5.49738953495956,-1.121116216296921,-1.7857096903449863,-0.6905329412611141,-0.2649004029305464,1.7987581649170845,-0.528692102405412,-3.012816037573789,-7.754445652785715,-0.2931600988640279,10.824744447231184,-2.939410731107208,-0.5246175924845984,-6.08324121436431,0.3076611520609008
2021-06-01 00:00:00-04:00,6.240465937796324,-0.04053599047794662,-0.643716420786764,-0.24749979418289098,-0.31071828930334155,2.1932510266384346,1.0349278591029476,-1.2709321605685122,1.7543815293694143,-0.30990459652411345,-1.6129016752173695,2.846933875660238,-1.5481137436584134,11.142066120708067,-1.3873558688284555,-0.6798348849811328,-3.000001907348633,-0.8833900033811068,-0.6251016651401763,0.5192127740464322,-1.7118226933559826
2021-06-02 00:00:00-04:00,11.819723110059641,4.105342674170776,0.6236996597824398,1.183361237352443,0.10332824318365595,-2.072723745643499,10.869563319720742,4.2966497723306105,-1.1299478456873733,-0.3736931517960033,6.281407005073284,-1.7637816278719531,-0.33562542044660887,0.7873996038722082,20.171151500680708,-0.39100335547925197,9.734516485863804,9.210526315789473,-2.480503891051761,15.97222291209077,-1.459453256632776
2021-06-03 00:00:00-04:00,-2.916569444927106,-1.9655024673883938,-0.9227775467056368,-1.0587923356325422,1.0434910470683219,-4.133407984055696,-11.968687905158259,-0.20117137529699924,-1.7241335211255666,0.07974780971985398,-0.12674561534929774,0.13241323962675866,0.19942431312318015,-0.6659208037537298,-11.517877082185027,-2.131200049998828,-6.589150438801091,-4.817448255670614,-5.055513952865621,2.5727833626516614,-0.3460718699896301
2021-06-04 00:00:00-04:00,-3.0842278887484618,-3.4156376533551516,1.445712456737495,0.8090262898941667,0.9687877452228939,1.9728284854261615,-1.877774132622613,0.8146307315578002,-2.366865374520125,1.347059822858557,1.007555706920991,-0.7556670986585062,1.208187944441559,10.370372254171489,-24.312318402243058,0.32701236664230604,-22.01835464401786,-7.499999492726407,3.2284469573750614,-10.727966268722618,4.288391839890253
2021-06-07 00:00:00-04:00,7.860436769402601,-0.9896897778068622,-0.21445324844648225,-0.061466567542369864,-1.4224861548649341,-1.5100849398168872,20.595636812020395,5.793306991889045,3.351953838896031,2.1094467494171982,5.568718170129404,-0.9507218553445113,1.5090034411674724,3.1347996656118022,5.749996503194174,6.392689715877618,0.8620722256998448,3.2961442249650084,2.197875267970607,1.3629812489425948,2.915423489058835
2021-06-08 00:00:00-04:00,2.666666666666667,-0.8257670049939932,0.11045580232787575,-1.211525978894995,-0.5427532722902011,2.41299162331424,24.898417537825566,2.350812396014145,-3.351953838896031,-0.9050646120651259,-0.6984803827309235,-2.3649041182489663,-1.0254630082414051,-2.92134660013606,-7.4116597177169465,-0.8360667819163083,-5.172408690208939,0.049457117811231535,-3.217412902308385,3.0166897903103997,-0.5098722922647787
2021-06-09 00:00:00-04:00,-0.18508644999750865,-2.1802953855199374,-0.06293521664576666,-1.4132031845375566,-0.36689173867617686,-1.5041111701990038,-65.48463282355345,-2.2209968697495834,-1.1299478456873733,-1.6623740300908403,11.36589651045519,-0.68832599697302,-0.08675469217247045,-2.2588213752297794,-2.766288319971702,-2.960219165707013,-2.6315807085398863,3.5464312555249027,-0.5661459622222279,-2.7218994213284695,0.8991996990959341
2021-06-10 00:00:00-04:00,-27.954989237703742,-2.898552138588315,-0.721582999105721,1.8881816596683778,-0.38085530322148714,4.197486073346216,-26.150627336801318,-1.0624411530524758,-3.4883781104384464,0.5023109405878383,-4.808749206574204,-1.6910285220434338,1.146781961394441,-0.7085910006763569,-7.988245310434239,0.9526809756781854,-10.679605897336684,-6.733169241095915,1.0227505059732036,-10.159360493630931,4.170277693226912
2021-06-11 00:00:00-04:00,4.70986132118594,0.4249909840694648,0.6438884935307362,-0.36896207202764186,-0.0730618351427026,0.7090933395203035,2.8609405132468413,-1.0726377519214905,-0.8902092378461139,-0.3984715231924743,-1.9780147687465637,-0.1264171018461291,-0.03876074374967889,-1.8981474082002392,2.141898908989766,1.632654478918648,-0.9523845854259673,-0.050277673145834596,-0.05575216257294579,0.128779809615162,5.12008175779254
2021-06-14 00:00:00-04:00,-3.0770560858918716,-2.174858655841046,2.0386236356638943,0.04905078360568073,-0.043904275310729254,3.412728381255889,0.06821438598855956,-4.8597450633694175,1.7441816623948465,1.446089401092623,-2.2446668090934505,0.32199825836613427,0.7657224741210844,-0.1403779977481327,-2.7173930414082106,-4.677789726696966,0.0,-3.8622117798091415,0.8839420989615555,-6.564783412327771,1.1040989599870359
2021-06-15 00:00:00-04:00,-1.7348317349894664,-0.7898130346476268,-0.23142430534149921,-1.3918169506617957,0.32150951519275567,-2.3310200014969022,-5.44662291261684,7.340748572437376,0.0,-0.07126658778767632,-3.4762478187324843,-0.5787742565001684,-0.5457394689189834,-4.652305383888471,-1.0322226362827072,-3.4246574447669085,-6.000003814697266,-4.004456279388605,-2.8914203604170985,-6.007069995652863,-1.532033426183844
2021-06-16 00:00:00-04:00,3.466832168103034,0.394218803717283,-0.16902482884682318,-0.7989007424445567,-0.3518112771795132,2.395691558596695,-4.787643974446241,-0.10243645903256748,-3.0120482389158725,-1.6974827421466407,0.7001104793343108,0.6854075792578266,-0.784827530105058,4.2656286794240525,-1.6654681269681657,3.8785822371868144,0.1010027837658038,1.158296162126114,1.2118359685375364,6.711409567798629,1.109632777784572
2021-06-17 00:00:00-04:00,-0.183372990216331,-2.699057102226853,1.5099589646225957,4.482025810018688,-1.1128899457492811,3.348196390847501,-3.1847102322189293,2.3292680704804076,-1.1904731268966577,1.788957046312788,2.834467218255187,2.8843574783429062,1.85125559221656,1.1656132556560437,-1.98507542424984,1.8090482701050996,-0.9374916180971615,-3.1482608244222736,2.3856643211537962,-3.529413395250227,3.953619828970644
2021-06-18 00:00:00-04:00,-2.974457550138772,0.9869951173930679,-0.1916414252704925,0.4370971528794542,-0.5884119531233979,2.8805508631791996,-5.598004887976931,-1.8518505289578455,-5.660378867409203,-1.4772781238512283,-3.1802174916679866,-1.5638021142647265,-0.07710876031528453,-9.182587729431058,-0.37346306570807253,-1.3369879623873728,-3.900331833216302,-3.489060661808248,1.594714908439556,1.6812374036585305,0.061452670679573905
2021-06-21 00:00:00-04:00,-8.274692935615326,0.5790693260458174,1.5117041100466766,-1.0897222009755723,0.790677367514542,-3.1079404141475493,-8.28291614606286,2.3469418895487886,-1.2658195249076385,0.3611340022789225,1.273155161811703,1.390804321166192,1.0699567862842032,3.834355932912423,-3.4590234561090387,2.244556340809522,-1.0952839708867155,3.223957088281468,-0.587926564922397,-2.819806385748144,0.127285367827522
2021-06-22 00:00:00-04:00,1.2114329595668387,-1.0854806173356677,1.3808078220628337,0.8135921156717691,0.8440345358014282,-1.0351397603553982,6.650832501794274,2.4322193469186546,1.8518472004909186,1.8700399258821523,1.2643638975727454,1.5143254626712273,1.0508111815062644,-1.0863381163181693,0.06269138261056045,9.259258013359064,0.11211018829935708,1.0327039703053291,0.8754103531901622,1.1004116081972704,1.6388587297177029
2021-06-23 00:00:00-04:00,-0.9619771339382773,0.1351382234886711,-0.052361500236877356,-0.011932875527183246,-0.26695550235759913,3.3753065667631392,-0.8676781360887051,-0.0593758058953947,2.941176470588235,0.3640712433446922,-1.9562725489389137,-0.47853223549605356,-0.2714102936068077,-1.8857138497488841,5.671648136126615,1.3897138525848465,8.80000114440918,0.0,3.742176230885176,9.365177783835897,0.5093954577454384
2021-06-24 00:00:00-04:00,-4.1684358745627055,0.6264040027182491,-0.7795351482702573,1.986061689637111,0.1616705009868026,5.074429109940338,-8.701956581469686,-0.3055194394531879,-3.5294102687461706,0.387547817661424,1.0123751306206574,1.5887882739162387,0.19870888298863723,-1.1999947684151786,-1.7944483699613287,-3.434641948357118,-5.0,1.6429416245826107,0.710482432203581,-4.648155739143165,-1.3524419906516827
2021-06-25 00:00:00-04:00,-2.1430984730504403,-0.49505226710538547,-0.2629450093236526,-0.8409175055035092,-0.48579694865155043,1.570907392206063,-3.5466463274973417,0.9405846298776372,0.0,-0.35738384689735714,4.0086663478797435,2.9464402483263985,-0.45656587611760124,-0.987798287841422,2.9051101909223567,-3.3594906582736144,-3.6082514263084535,0.219785240936898,-2.6359276113793726,0.06405685731865021,-0.4295664344167031
2021-06-28 00:00:00-04:00,0.9378663540445485,-3.27256092993726,1.0164676729452,0.8038637608148068,0.17543129824069412,-0.5124174487172062,-1.95312497089617,1.8971732448665144,-5.69619590996864,3.7060011951659284,0.0,-1.2448120465286152,0.9414885617822918,5.208327124516091,-3.2210827466304672,5.946100807231969,-0.10214738427785569,2.4154529031782492,2.4799608755361637,7.488205027393397,3.3225282612906257
2021-06-29 00:00:00-04:00,-1.2850869652549972,-1.138518842442054,1.1222646097492721,2.3570074397678797,-0.21895770346019142,0.9716480124442499,4.865266730792224,-1.6721175610102297,-4.697983083396705,-1.2446998161088125,-0.21141124744934967,3.021948165654401,0.9322142754802778,0.598144136235518,-4.214389216407528,-1.496473867758064,-4.210522300318668,-4.535271210869452,-0.5714178509677852,-1.9767449855030421,1.4896270157214269
2021-06-30 00:00:00-04:00,2.0780783417043853,0.5657658513178062,0.5768169583784633,3.3109768979530108,0.07309317022707587,-1.4445191965941742,-2.102107305259987,0.42169333664423037,5.882359226721345,-1.2826844445833119,-1.5102414534530828,1.1527354931565867,0.07751622731979314,-8.358206677792678,-1.566131671826015,-2.3691178877622074,-0.5268724124423448,0.9955769133592154,-0.010297493856692964,-2.0494282667915082,-2.0592722129655905
2021-07-01 00:00:00-04:00,-4.423562957101941,0.18596427290425527,0.4880765876131687,-0.7823420598368254,0.7105538360487672,-1.2055148849102282,-7.1370650436826155,-0.9073382772694337,0.8474662113743061,2.1360667657999226,2.431294872972295,-2.4018602165707525,0.7326913515559107,-2.808309007262248,-1.891292441943887,-3.212247525399916,-2.6086932184114295,-1.0650254060118687,-0.885060206404208,-5.971860876481556,0.0931525198992402
2021-07-02 00:00:00-04:00,-0.9712573105156399,-0.6517751395747678,1.471869201801323,1.499470131684804,0.7433944463999793,0.46328888276393604,-3.877024063784605,-1.248048761473104,-4.424778561897455,-0.11276963144024552,-4.656309327103507,-1.403646396044521,1.739606387768696,-1.9387083826124714,-2.6848845379442787,-2.001236253201474,-2.6666641235351562,-3.482300623391955,-0.011779542259259566,-8.045168222898926,-0.4088550176141719
2021-07-06 00:00:00-04:00,-2.22489601910453,-2.3322216362690735,1.3730438597235766,-0.43399600658096854,-0.9955306758243139,-4.177244324014322,-11.099996566772461,0.6603226675171759,-7.619052463107639,-1.0544818962455973,-3.0751761500601154,-2.5694165299544727,-0.13327709707551635,-0.06317264011391559,-2.9725694513691883,0.5782180093642342,-2.24719967990831,-2.511962281951085,-3.3551638258571446,-2.6734095482643263,2.1290408478457685
2021-07-07 00:00:00-04:00,-2.800795256122123,-2.3633749985561057,0.7124673071199122,-4.948084473423897,0.6157047499103616,-6.2704331915484985,-7.716049170739978,-5.2923114483173075,-3.9603986572768877,-1.3609574207983104,-6.593406465446422,-0.8253179211861467,0.1893436683755862,-3.0183729990517074,-2.8027906625123524,-9.247593639785737,6.471815140883979,-3.203946225694231,-3.043515988602668,-10.711431879067696,-2.5259530341829253
2021-07-08 00:00:00-04:00,6.035114827607102,2.309588264829214,1.1588966758232908,2.0949379297645097,0.43414678580005567,-0.6786430398067098,-0.2136801121504735,3.937003268261362,3.7383143695731174,-0.02314974432422921,4.790425795575636,0.7476354688391571,0.18743726175905764,6.883113585710243,2.7516488334845652,3.318805811767388,0.6718971731940848,4.73846435546875,3.743815586894808,10.116274341798363,0.0025931362844910846
2021-07-09 00:00:00-04:00,0.18302089240498806,0.47869065123403354,1.626342212217629,0.9460952650333272,0.8675872056594879,1.5739182488273398,-3.2362375646842176,1.6092909209039736,4.955752889548653,1.4553980674871978,-0.6002423912702507,2.4333890360742845,0.7987338827171089,2.6993113429889313,1.6975111113605366,-2.041512058285564,-1.571272118073231,-0.43289854356180196,0.5738647084875703,0.0,1.0543257765050935
2021-07-12 00:00:00-04:00,-1.1466304723621203,0.5758197617791133,-1.1834169871378748,-0.4514961712721404,-0.1136655646485359,-0.33650492583733815,5.475213532401675,-0.07730271415400901,-0.925923527568133,0.5464924271627873,-2.941173720662243,0.10933693188014774,-0.6634807736799091,-3.6482048991894827,-2.439870440672678,-1.5506507529031857,-3.005783125410273,1.3546755939353359,3.4271525223566184,-0.8600442299087327,-1.6591075717274177
2021-07-13 00:00:00-04:00,-4.2319200380461295,-3.346653651219684,1.1054659551625974,-0.24374165244431817,-0.05720137249477427,-0.09965629016914682,-5.611672374441442,-2.4093893503210047,0.0,0.1675697531958342,-1.747807561148857,3.0906925869341726,1.2314121422767823,-2.785324999826693,-2.6842040882522995,-1.258089091693421,0.9142848423549108,-1.1029430670447082,-2.659526574005139,-1.4268180363795835,-0.17177881849981821
2021-07-14 00:00:00-04:00,-7.67808778838038,-1.2124150815955756,0.7039811169536251,-1.9202684175976585,-1.059409992748524,-2.2838230413202796,-3.0529882526665526,-7.179490145492644,0.0,-1.9934967000668942,-1.9059793441653126,-1.0603089252695572,0.056625492098027974,-6.6425996458804235,-4.659023655829214,-5.50112672987316,-7.380962707018295,-11.658893892837506,-2.6584804751583797,-6.474188550835596,-5.598847303610521
2021-07-15 00:00:00-04:00,4.088243031283352,-0.4887604396112514,-0.5118808055249618,-3.2784981756768796,-0.5355260293640787,0.9444250722738236,-0.4842610259641867,0.9502620679045016,1.9047631157769098,-1.3847818758574375,2.74999737739563,0.8977393129415516,-0.3451482480589475,0.21802824234361026,0.37735514076653104,1.082901075771666,-3.1823773127769246,-3.9583379416555284,-1.1973552433218642,2.3972660901509615,-1.9954584136948925
2021-07-16 00:00:00-04:00,-0.6566497009217649,-4.49721752640314,-1.4140360221663741,-1.6649206139686228,-1.9697253329025353,-1.7613045879458649,-2.4390221209414906,-2.717512221578938,-0.9803896513746966,-1.0991909836283338,2.5423732727353756,-1.6933542409100208,-0.47017174656541333,-3.524232745549257,-2.464587151978885,-3.8831227220072027,-2.0935970282004552,-3.3069737109490585,-1.6236675650408179,-4.476275708011394,0.5801602609148798
2021-07-19 00:00:00-04:00,5.87353860093558,0.7380041893300481,-0.9125922522501365,1.8364563798321039,0.7122655169704529,2.2123907186674217,5.180726449329274,4.679803313319981,2.912620160650607,-0.18400210557243077,8.958568459075947,0.29641770019500896,-0.6931207677968999,4.535478288945038,1.1952211166031463,3.653849088228666,3.584671895961089,1.7647111622106002,2.527001164774879,3.297681610992176,-0.6013479084775968
2021-07-20 00:00:00-04:00,9.038602072028382,7.344359280666081,1.8405660588138293,0.022964381036360972,1.1951605998098456,3.207645100629343,1.796413956309155,2.3090324405787217,5.871559729350151,0.8370941399301416,-2.7939437352147176,-0.3925827869835188,0.46183888298091774,3.8167952571743977,15.057914728251118,2.82948701270297,2.3781190593800052,3.672312921559748,1.2884193140087532,1.2378456067952874,-0.5663176027271897
2021-07-21 00:00:00-04:00,-1.065602364541599,2.8504612797970865,-0.08940128747699166,2.415841151592249,1.7676487331445132,4.3692706106195525,5.3716242158096215,4.00982581084362,-5.714283292255704,1.366147022568446,3.428573608398437,2.5896474085085814,0.8884261018610278,4.12508247887053,0.637931399245238,4.135471939262946,2.1839032706754677,3.0137022093236685,-0.6592512428197835,2.746778586286245,-0.6714437796388262
2021-07-22 00:00:00-04:00,-3.60637222707671,0.472591598255407,0.585831466262532,1.984428874862119,-0.4426527368013497,-3.6259844277785778,-9.62876954437711,0.6904958184365304,-4.019606297067801,1.2842079029221414,-1.851850012202395,-0.11855662435639519,0.8038086054552325,-6.981662551564321,-2.2861156790930663,-3.695573478599835,-5.81817626953125,-4.106626009542927,-1.1058779616959409,-4.014271255430988,1.2064572047963407
2021-07-23 00:00:00-04:00,-0.3548455242196897,-0.7075453449628814,0.6798666799356645,0.8681530531859448,0.46480217540761093,-5.072998505933595,-3.7267103556115204,0.07298421134520156,0.8910843472391852,2.4013642006592404,-5.853664720434438,-0.9102187342846247,0.7940024722652287,-2.8260824946240066,-2.626189398874348,-3.3942553731420686,-3.7641239080234348,-2.72258926714305,-0.46317815820317126,-3.7071327149623015,-0.6597430739932525
2021-07-26 00:00:00-04:00,1.9462878022930823,4.75543134369861,0.4832443639713814,-0.206929255105367,-0.12722112029827712,-0.674598643335572,1.9146291666409834,0.08126963538253305,-7.526883190618305,0.7732387233220064,1.6908139391714712,-4.706417258133295,0.017293824750151034,2.1321907858384987,0.03701475800174917,1.5884754710876383,2.5672433636861354,1.8248175436537464,1.011219045508233,5.982449380387737,1.7848537815983772
2021-07-27 00:00:00-04:00,-2.4980435093438507,-2.3299162224185466,-1.6011488673391625,-2.0982134326291684,0.014198589024106508,2.284548461685234,-0.0745287575448372,-0.14353023204262763,-2.3784919979789074,-1.1147076291373716,0.3632044287433275,3.930828704005277,-1.0085685848487906,-5.435588426271249,-3.6730765398202423,-1.5065971275831642,-2.671750098506911,-5.970151266386643,-2.887805941939737,-3.3605801804479967,-1.9644123232425388
2021-07-28 00:00:00-04:00,-3.902558120902448,0.09245747198785505,0.11724565986917405,4.584905391379057,0.16954553253629143,6.0393220455218355,3.0048078025233855,3.2971410332323767,1.886787699736294,-0.3429058035476685,3.8062274602322215,2.9168973505548315,-0.9677831744315986,5.754383823327851,3.8588760639315773,4.34782280916199,4.705877865062041,10.868205785401718,-0.0030919459830668905,2.389384541648518,0.27307984308501676
2021-07-29 00:00:00-04:00,-3.4817454033198927,-2.881438867043926,0.6522912333311366,6.1874650859776095,0.750396884169104,-4.475274248061175,-0.8515777682513477,-2.2394011714545115,-3.921564838664175,-0.7479327475443792,-2.588238435633042,-0.20853819719517547,0.09075384489528195,-2.586204415977936,-1.256335848349626,-2.3161733202044172,-6.925889188368648,-7.717253749480024,4.068801536426085,0.6814303685325812,2.5775819834813585
2021-07-30 00:00:00-04:00,-2.408146102530883,-2.2571197780362713,1.0146581002811543,4.322444544454963,1.1587756275956809,2.3837355361998624,-0.495662495237537,-1.7731971347454898,1.7307721228288473,0.6455200313689536,-0.5952403929229187,1.2838544977101634,-0.09126032451314792,-0.3631026535831143,0.47258859361040606,1.0263954530711492,0.8484811493844696,-2.8747439162463744,2.2467989682731537,0.1559761621087673,-0.6373984721517216
2021-08-02 00:00:00-04:00,-2.759280857550754,-2.1435708705069034,-0.5772483022974823,2.4854984962795204,-0.2338888285658596,5.189195568197866,0.20857969920993635,0.20407851861447704,-2.912620160650607,-1.7474055073669665,1.51338896544435,0.5874922107924141,-0.5406955802773207,-2.650954776876024,1.4727274576822915,-3.305781867105094,-2.208592804918947,-0.34223266194268226,1.3626091709605728,-2.0535758913172297,0.2533226400475899
2021-08-03 00:00:00-04:00,-2.612114889141776,-0.6516248410781883,1.051837424716554,3.917907008143986,1.178386462149706,0.47619229271298363,-2.216752558037601,-0.8679520333542818,-3.9473687597394473,-0.42421728544032405,0.23228228672280385,-0.5979581593303158,0.5920697694179029,-8.25982125834073,-0.39711180149528325,-1.2457528371361142,-0.4907971009235546,-2.1052644963850056,-1.3047044965699328,-5.135389250941809,-0.866944077483127
2021-08-04 00:00:00-04:00,-4.039504463559507,-0.3598955890922021,-0.21776613192545916,3.7130556178830134,-0.3399153489181474,-2.1227770221897493,-2.9040345962212823,1.3971574194806495,-4.23116462039497,1.8109884533671239,8.56164361191727,1.0784373333407309,0.1012318941992895,-2.2913234603330412,-1.3703824358743384,-1.506378162191089,-2.816898742682366,-1.0744958318079212,-0.011255428426164003,-2.113355141724617,5.91641681658941
2021-08-05 00:00:00-04:00,3.5453612844431555,6.886659706197159,0.05439032783137919,-3.809522774744619,-0.13570945195806022,0.2738282316859386,2.3493232724799977,3.0309009373439744,2.6078257794207094,0.9174274901690385,5.411255545296332,-0.21204626860150746,0.9118487543791098,-1.8168604348948871,2.5974030569714532,1.30769289456881,3.1707287572239373,3.317211382534447,-0.1917069082706657,0.7561429516346501,0.7391870725736314
2021-08-06 00:00:00-04:00,-1.8580694379945948,-0.5233049505586572,-0.14370241873837628,-0.3996026146283437,-0.1493859363719494,-2.5673571876353,0.24782533885574204,-2.3182770730188067,-14.423076570386725,0.5804560569050269,-1.4270046030751862,-2.1698551741528145,0.32816963532283006,10.88082511113487,0.7421202143921191,-9.691120717569605,-1.4906817728674806,-0.8321767331774035,-1.8309236735576107,-5.148509747023262,-2.3026538045106677
2021-08-09 00:00:00-04:00,5.790356574394857,-1.0214056287752122,-0.07528593325619087,-3.467183179078864,0.10893922480818229,2.82926792051734,7.491495682756627,-0.267378510344707,2.857141646127852,-0.5945699790264959,4.583338714307995,2.5094144256495707,-0.49249586973585946,3.459114781484419,4.816515279372625,7.9134120585042975,3.7259552561670177,2.9231835762112524,0.5029718146588145,3.793768480339419,-0.41477444385665957
2021-08-10 00:00:00-04:00,-1.4523719046028778,2.1012441396168233,-0.5769205375537071,-1.3335820099341191,0.17656526928071437,-5.910958622595109,-8.323422377713095,-0.9234312167438644,-1.9047570607018849,-0.19383094176300047,-6.767793983193966,-1.4492765949936695,-0.8239020653776238,-3.1694681106669336,-4.343807415837505,-1.6838479886419029,-1.8404979046077568,1.2170406060854997,-0.5633925227956628,0.194746415503345,-3.529734222235474
2021-08-11 00:00:00-04:00,0.22043463043612382,2.8261912124682205,-0.13027412163963,0.07429590530084917,0.32554274320727067,-0.29861621944480754,-3.4440311073777443,0.3066305988431335,-1.9417488313168627,-0.5945145847422788,0.0,-2.068385010574545,-0.09060088412168642,-1.7150411048732255,-1.7190464807830212,-7.919708417902319,-1.239162146856869,-3.566435119436369,-0.6908556692150151,-3.2653029448586492,-4.562699682210693
2021-08-12 00:00:00-04:00,1.5214050679666948,-2.9368593857422565,1.8134069219545,-0.8356801780736502,0.29765049839810165,0.8005996623749654,-5.660379755008377,4.486359156852023,0.0,1.1581364291024854,11.867901633952224,0.24102959292155016,1.0972681075773878,-2.025653130051101,-1.4678527998427435,-2.4233222012348876,1.9370441038567467,-1.27659111086281,2.202836746738707,0.40200967457085374,1.2456565055782092
2021-08-13 00:00:00-04:00,1.261385058986973,-2.6713744081114617,0.0871724286148411,3.0574444048002727,0.21624008289529553,-5.627528009196458,-6.326027824781494,-2.130839980651285,-1.5075338353100003,0.05782021568175673,-5.417118361837486,-0.12882384355044785,1.1507474989049205,-3.470253364656897,-3.3608578758503005,-5.362145517650531,-6.133333841959635,-5.639097663490788,-0.911914595548375,-5.313496366713625,-1.9648719677429773
2021-08-16 00:00:00-04:00,1.787343870365537,0.6579001346630591,1.7072639674644376,-2.5306973449523302,0.8188029972477955,-3.556005259515297,2.3557104199873966,-0.6557410903984374,-4.246280417097862,1.1021411424677046,-10.204086305580152,-2.3098859424368245,0.47860583327879846,-0.43290347116129396,-2.029270079077744,1.235057614466183,-4.365623124039333,-0.8384120246702172,-2.7544208615940162,-2.510922486266465,-1.7766431435216081
